18 135
8 17
8 2
15 2
16 2
9 6
16 12
6 1
10 12
17 1
5 15
10 9
2 5
4 3
7 0
1 0
12 7
9 5
5 10
6 11
1 10
2 9
4 14
3 12
11 2
12 1
17 13
14 2
11 14
17 16
1 3
13 16
12 11
5 13
8 14
4 0
3 11
7 8
17 3
11 0
0 5
14 9
11 9
16 8
13 8
3 15
14 12
13 4
7 15
1 11
15 11
5 12
9 17
17 4
5 1
8 12
8 9
0 9
6 15
8 5
10 14
9 4
7 1
9 16
12 0
12 9
12 17
7 9
8 6
6 13
11 8
3 7
6 16
4 16
4 7
4 2
3 8
6 4
2 12
4 8
11 7
16 15
4 12
13 14
1 13
6 14
17 7
2 1
10 16
15 12
14 15
11 10
9 15
13 12
14 3
0 17
6 7
15 1
16 1
2 3
11 13
15 0
10 2
9 13
6 2
16 7
11 4
4 15
5 4
0 10
16 5
0 16
0 6
6 5
0 14
0 2
13 15
3 5
2 13
3 10
17 5
8 15
6 10
7 14
17 6
10 13
8 10
1 8
4 1
17 2
10 7
14 16
5 11
17 11
10 15
11 16
